00000000
00000000
00000000
00000000
00000000
00000000
00000000
00000000
00000000
00000000
00000000
00000000
00000000
00000000
00000000
00000000
00000000
00000000
00000000
00000000
00000000
00000000
00000000
00000000
00000110
00000110
00000110
00000110
00000100
00000000
00000000
00000000
00000000
00000000
00000000
00000000
00000000
00001100
00001100
00001100
00001100
00000000
00000000
00000000
00000000
00000000
00000000
00000000
00000000
00000000
00001100
00001100
00001100
00001100
00000000
00000000
00000000
00000000
00000000
00000000
00000000
00000000
00000000
00001100
00001100
00001100
00001100
00000000
00000000
00000000
00000000
00000000
00000000
00000000
00000000
00000000
00001100
00001100
00001100
00001100
00001100
00000000
00000000
00000000
00000000
