00000000
00000000
00000000
00000000
00000000
00000000
00000000
00000000
00000000
00000000
00000000
00000000
00000000
00000000
00000000
00000000
00000010
00001110
00001111
00001111
00001111
00001111
00001111
00001110
00000100
00000000
00000000
00000000
00000000
00000000
00000000
00000000
00000000
00000000
00001111
00001111
00001111
00001111
00001111
00001111
00000100
00000000
00000000
00000000
00000000
00000000
00000000
00000000
00000000
00000000
00000111
00001111
00001111
00001111
00001111
00001111
00001111
00000000
00000000
00000000
00000000
00000000
00000000
00000000
00000000
00000000
00000000
00000000
00001111
00001111
00001111
00001111
00001111
00001111
00001110
00000000
00000000
00000000
00000000
00000000
00000000
00000000
00000000
00000000
00000000
00001111
00001111
00001111
00001111
00001111
00001110
00000000
00000000
00000000
00000000
00000000
00000000
00000000
00000000
00000000
00000000
00000000
00000000
00000000
