00000000
00000000
00000000
00000000
00000000
00000000
00000000
00000000
00000000
00000000
00000000
00000000
00000000
00000000
00000000
00000000
00000000
00000000
00000000
00000000
00001110
00001110
00000110
00000000
00000000
00000000
00000000
00000000
00000111
00000111
00000110
00000100
00000000
00000000
00000000
00000100
00001110
00001110
00000110
00000000
00000000
00000000
00000000
00000110
00000110
00000110
00000110
00000000
00000000
00000000
00000000
00000110
00000110
00000110
00000110
00000110
00000110
00000110
00000010
00000000
00000000
00000000
00000000
00000000
00000000
00000000
00000000
00000000
00000000
00000000
00000000
00000000
00000000
00000000
00000000
00000000
00000000
00000000
00000000
