00000000
00000000
00000000
00000000
00000000
00000000
00000000
00000000
00000000
00000000
00000000
00000000
00000000
00000000
00000000
00000000
00000000
00000000
00000010
00000010
00000000
00000000
00000000
00000000
00000110
00000110
00000110
00000000
00000000
00000000
00000000
00000000
00000110
00000110
00000110
00000000
00000000
00000000
00000000
00000000
00000110
00000110
00000110
00000000
00000000
00000000
00000000
00000000
00000110
00000110
00000000
00000000
00000000
00000000
00000000
00000000
00000000
00000000
00000000
00000000
00000000
00000000
00000000
00000000
