00000000
00000000
00000000
00000000
00000000
00000000
00000000
00000000
00000000
00000000
00000000
00000000
00000000
00000000
00000000
00000000
00001110
00001110
00001110
00001110
00000000
00000000
00000000
00000000
00000000
00000000
00001101
00001101
00001101
00001101
00000001
00000001
00000000
00000000
00000000
00001101
00001101
00001101
00001001
00000001
00000000
00000000
00000000
00000000
00000000
00001101
00001101
00001101
00000001
00000001
00000000
00000000
00000000
00000000
00001110
00001110
00001110
00001110
00001100
00001100
