00000000
00000000
00000000
00000000
00000000
00000000
00000000
00000000
00000000
00000000
00000000
00000000
00000000
00000000
00000000
00000000
00000000
00000000
00000000
00000000
00001111
00001111
00001111
00001100
00000000
00000000
00000000
00000000
00000000
00001001
00001111
00001111
00001001
00000001
00000000
00000000
00000000
00000000
00000000
00001110
00001110
00001110
00000000
00000000
00000000
00000000
00000000
00000000
00001110
00001110
00001110
00001000
00000000
00000000
00000000
00000000
00000000
00000000
00000001
00001101
00001101
00001101
