00000000
00000000
00000000
00000000
00000000
00000000
00000000
00000000
00000000
00000000
00000000
00000000
00000000
00000000
00000000
00000000
00000000
00000000
00000000
00000000
00001000
00001110
00001110
00001110
00001010
00000000
00000000
00000000
00000000
00000000
00001110
00001110
00001110
00001110
00000010
00000000
00000000
00000000
00000000
00000000
00001101
00001111
00001111
00001101
00000000
00000000
00000000
00000000
00000010
00001110
00001111
00001111
00001000
00000000
00000000
00000000
00000000
00000000
00001111
00001111
00001111
