00000000
00000000
00000000
00000000
00000000
00000000
00000000
00000000
00000000
00000000
00000000
00000000
00000000
00000000
00000000
00000000
00000000
00000000
00000000
00000000
00000000
00000000
00000000
00000000
00001000
00001000
00001000
00001000
00001010
00001010
00001010
00001010
00001010
00001110
00001110
00001100
00001100
00001110
00001110
00000110
00000110
00000111
00000011
00000011
00000011
00000011
00000011
00000001
00000001
00000001
00000001
00000000
00000000
00000000
00000000
00000000
00000000
00000000
00000000
00000001
00000001
00000011
00000011
00000000
00000000
00000000
00000000
