00000000
00000000
00000000
00000000
00000000
00000000
00000000
00000000
00000000
00000000
00000000
00000000
00000000
00000000
00000000
00000000
00000000
00000000
00000000
00000000
00000000
00000000
00000000
00000000
00000000
00000000
00000000
00000000
00000000
00000000
00000000
00000000
00000000
00001000
00001000
00001000
00001000
00001000
00001000
00001000
00001000
00001000
00001100
00001100
00001100
00001100
00001100
00001110
00001110
00000110
00000110
00000110
00000110
00000110
00000110
00000110
00000110
00000101
00000101
00000001
00000000
00000000
00000010
00000011
00000011
00000011
00000011
00000011
00000011
00000000
00000000
00000000
00000000
00000000
00000000
00000000
00000000
00000000
00000000
00000000
00000000
