00000000
00000000
00000000
00000000
00000000
00000000
00000000
00000000
00000000
00000000
00000000
00000000
00000000
00000000
00000000
00000000
00000000
00000000
00000000
00000000
00000000
00000000
00001000
00001000
00001000
00001000
00001000
00001000
00001000
00000000
00000100
00000100
00000100
00000100
00000100
00000100
00000100
00000100
00000110
00000110
00000110
00000110
00000110
00000011
00000011
00000011
00000011
00000010
00000010
00000010
00000010
00000010
00000000
00000010
00000010
00000010
00000010
00000010
00000010
00000010
00000000
00000000
