00000000
00000000
00000000
00000000
00000000
00000000
00000000
00000000
00000000
00000000
00000000
00000000
00000000
00000000
00000000
00000000
00000000
00000000
00000000
00000000
00000000
00000000
00000000
00000000
00000000
00000000
00000000
00000000
00000000
00000000
00000000
00000100
00000100
00001100
00001100
00001110
00001110
00001110
00001110
00001100
00001100
00001101
00001101
00001111
00001110
00001110
00000110
00000100
00000100
00000100
00000100
00000100
00000100
00000100
00000100
00000100
00000100
00000000
00000000
00000000
00000000
00000000
00000000
00000000
