00000000
00000000
00000000
00000000
00000000
00000000
00000000
00000000
00000000
00000000
00000000
00000000
00000000
00000000
00000000
00000000
00000000
00000000
00000000
00000000
00000000
00000000
00000000
00000000
00000000
00000000
00000000
00000000
00000000
00001100
00001100
00001100
00001100
00001100
00001100
00001100
00001000
00001000
00001000
00001100
00001100
00001100
00001100
00001100
00001101
00001101
00000100
00000100
00000100
00000100
00000100
00000100
00000100
00000100
00000100
00000100
00000100
00000100
00000000
00000000
00000000
00000000
00000000
