00000000
00000000
00000000
00000000
00000000
00000000
00000000
00000000
00000000
00000000
00000000
00000000
00000000
00000000
00000000
00000000
00000000
00000000
00000000
00000000
00000000
00000000
00000000
00000000
00000000
00000000
00000000
00000000
00000000
00000000
00000000
00000000
00000000
00000000
00000000
01100000
01100000
01100000
01100000
00000000
00000000
00000000
00000000
00000000
01100000
01100000
01100000
00000000
00000000
00000000
00000000
00000000
00000000
01100000
01100000
01100000
01100000
00000000
00000000
00000000
00000000
00000000
00000000
00000000
00000000
01100000
01100000
01100000
00000000
00000000
00000000
00000000
00000000
00000000
00000000
00000000
01100000
01100000
00000000
00000000
00000000
00000000
00000000
00000000
00000000
00000000
00000000
00000000
00000000
00000000
00000000
00000000
00000000
00000000
00000000
00000000
00000000
