00000000
00000000
00000000
00000000
00000000
00000000
00000000
00000000
00000000
00000000
00000000
00000000
00000000
00000000
00000000
00000000
00000000
00000000
00000000
00000000
00000000
00000000
00000000
00000000
00000000
00000000
00000000
00000000
00000000
00000000
00000000
00000000
00000000
00000000
00000000
00000000
00000000
00000000
00000000
00000000
00000000
00000000
00000000
00000000
00000000
00000000
00000000
00000000
00000000
00000000
00000000
00000000
00000000
00000000
00000000
00000000
00000010
00000010
00000010
00000010
00000010
00000010
00000010
00000111
00000111
00000111
00000111
00000111
00000110
00000110
00000110
00000110
00001110
00001110
00001110
00001110
00001100
00001100
00001100
00001100
00001100
00001100
00001100
00001100
00001100
00001100
00001100
00001000
00001000
00001000
00001000
00000000
00000000
00000000
00000000
00000000
00000000
00000000
00000000
00000000
00000000
00000000
00000000
