00000000
00000000
00000000
00000000
00000000
00000000
00000000
00000000
00000000
00000000
00000000
00000000
00000000
00000000
00000000
00000000
00000011
00000111
00000111
00000111
00000111
00000111
00000111
00000111
00000111
00000110
00000110
00000110
00000110
00000100
00000100
00000100
00000100
00000100
00000100
00001000
00001000
00001000
00001000
00001000
00001000
00000000
00000000
00000000
00000000
00000000
00000000
00000000
00000000
00000000
00000000
00000000
00000000
00000000
00000000
00000000
