00000000
00000000
00000000
00000000
00000000
00000000
00000000
00000000
00000000
00000000
00000000
00000000
00000000
00000000
00000000
00000000
00000000
00000000
00000000
00000000
00000000
00000000
00000000
00000000
00000000
00000110
00000111
00000111
00000111
00000111
00000111
00000111
00000111
00000111
00000111
00000111
00001111
00001111
00001110
00001110
00001110
00001110
00001110
00001110
00001110
00001110
00001110
00001110
00001100
00001100
00001100
00001100
00001000
00001000
00001000
00001000
00000000
00000000
00000000
00000000
00000000
00000000
00000000
00000000
00000000
00000000
00000000
00000000
00000000
00000000
