00000000
00000000
00000000
00000000
00000000
00000000
00000000
00000000
00000000
00000000
00000000
00000000
00000000
00000000
00000000
00000000
00000000
00000000
00000000
00000000
00000000
00000000
00000000
00000000
00001110
00001110
00001110
00001110
00001110
00001110
00001110
00001110
00001110
00001110
00001110
00001110
00001110
00001110
00001110
00001110
00001110
00001110
00001110
00001110
00001110
00001110
00001110
00001110
00001110
00001110
00001110
00001110
00001110
00001110
00001110
00001110
00001110
00001110
00001110
00001110
00001110
00001110
