00000000
00000000
00000000
00000000
00000000
00000000
00000000
00000000
00000000
00000000
00000000
00000000
00000000
00000000
00000000
00000000
00000000
00000000
00000000
00000000
00000000
00000000
00000000
00000110
00001110
00001110
00001110
00001110
00001110
00001110
00001110
00001110
00001110
00001110
00001110
00001110
00001110
00001110
00001110
00001110
00001110
00001110
00001110
00001110
00001110
00001110
00000110
00000000
00000000
00000000
00000000
00000000
00000000
00000000
00000000
00000000
00000000
00000000
