00000000
00000000
00000000
00000000
00000000
00000000
00000000
00000000
00000000
00000000
00000000
00000000
00000000
00000000
00000000
00000000
00000000
00000000
00000000
00000000
00000000
00000000
00000000
00000000
00000000
00000000
00000100
00001110
00001110
00001110
00001110
00001110
00001110
00001110
00001110
00001110
00001110
00001110
00001110
00001110
00001110
00001110
00001110
00001110
00001110
00001110
00001110
00001110
00001110
00001110
00001110
00001110
00001110
00001100
00000000
00000000
00000000
00000000
00000000
