00000000
00000000
00000000
00000000
00000000
00000000
00000000
00000000
00000000
00000000
00000000
00000000
00000000
00000000
00000000
00000000
00000000
00000000
00000000
00000000
00000000
00000000
00000000
00000000
00000000
00000000
00000000
00000000
00000000
00000000
00000000
00000110
00000110
00000111
00000111
00001111
00001111
00001111
00001111
00001111
00001111
00001111
00001111
00001111
00001111
00001111
00001111
00000111
00000110
00000000
00000000
00000000
00000000
00000000
00000000
00000000
